 n:        20000
 amp1:   0.14999999999999999     
 amp2:    0.0000000000000000     
 r0:    10.000000000000000     
 sigma:    4.0000000000000000     
 rmax:    80.000000000000000     
 tmax:    20.000000000000000     
 ntime:      1000000
 c1:    1.0000000000000000E-002
 c2:    14.054000000000000     
 c3:    0.0000000000000000     
 c4:    0.0000000000000000     
 v0:    7.9999972559055061     
 noflux:    0.0000000000000000     
